[[[1.35332727e-02 1.37955376e-04 1.17454407e-02]
  [1.56201649e-02 2.00222936e-04 1.41500154e-02]
  [4.94306564e-03 1.75023345e-04 1.32296389e-02]
  [5.02409935e-03 1.78398736e-04 1.33565990e-02]
  [7.33601570e-03 1.53495221e-04 1.23893188e-02]]

 [[1.55531502e-02 2.08083787e-04 1.44251096e-02]
  [2.21240520e-02 2.92380544e-04 1.70991387e-02]
  [7.53045082e-04 3.72835075e-07 6.10602224e-04]
  [8.02636147e-04 3.27793974e-07 5.72532946e-04]
  [2.86911011e-03 1.34569888e-05 3.66837686e-03]]

 [[1.91767359e-02 2.90709416e-04 1.70502028e-02]
  [2.86075878e-02 4.42652756e-04 2.10393145e-02]
  [6.59208298e-04 1.22784163e-07 3.50405712e-04]
  [7.24897385e-04 1.60889099e-07 4.01109834e-04]
  [1.98078632e-03 3.10673329e-06 1.76259277e-03]]

 [[1.85917007e+00 2.86307272e+00 1.69206168e+00]
  [1.78446942e+00 2.19084970e+00 1.48015192e+00]
  [1.22351813e-01 5.69196274e-01 7.54450975e-01]
  [1.28665090e-01 6.28077641e-01 7.92513496e-01]
  [4.32921743e-01 6.61807978e-01 8.13515813e-01]]

 [[1.86909263e+00 3.07216678e+00 1.75275976e+00]
  [2.00004707e+00 2.47688591e+00 1.57381254e+00]
  [4.11958218e-03 9.59828534e-06 3.09810996e-03]
  [4.50651646e-03 1.09842599e-05 3.31425103e-03]
  [1.00031900e-01 1.77313304e-02 1.33159042e-01]]

 [[2.20632514e+00 4.48938517e+00 2.11881693e+00]
  [3.42338038e+00 8.57172226e+00 2.92775037e+00]
  [4.05944347e-03 9.59420917e-06 3.09745204e-03]
  [4.69274521e-03 1.29010450e-05 3.59180247e-03]
  [8.30153894e-02 1.86285811e-02 1.36486560e-01]]

 [[6.73750033e+00 4.51235901e+01 6.71740948e+00]
  [9.06928193e+00 6.58413636e+01 8.11426914e+00]
  [9.88821750e-01 2.37843039e+01 4.87691541e+00]
  [1.00894064e+00 2.42057114e+01 4.91993002e+00]
  [1.67995419e+00 1.49689000e+01 3.86896627e+00]]

 [[6.23826438e+00 3.47385401e+01 5.89394097e+00]
  [1.09326606e+01 6.58577405e+01 8.11527821e+00]
  [6.75945759e-03 2.72254218e-05 5.21779856e-03]
  [7.27293015e-03 2.97301197e-05 5.45253333e-03]
  [2.96915054e-01 2.37697029e-01 4.87541823e-01]]

 [[7.22547629e+00 5.75394547e+01 7.58547657e+00]
  [1.35553620e+01 1.02349134e+02 1.01167749e+01]
  [5.49488544e-03 2.05324093e-05 4.53127017e-03]
  [6.26768112e-03 2.62154657e-05 5.12010407e-03]
  [1.64977708e-01 4.69242275e-02 2.16620007e-01]]]
[[[1.76000000e+01 8.98000000e+01 9.47628619e+00]
  [6.10200000e+01 1.38977960e+03 3.72797479e+01]
  [2.02800000e+01 1.36721600e+02 1.16928012e+01]
  [1.95400000e+01 1.19368400e+02 1.09255847e+01]
  [1.85400000e+01 1.02848400e+02 1.01414200e+01]]

 [[1.20800000e+01 2.68336000e+01 5.18011583e+00]
  [6.92800000e+01 1.06912160e+03 3.26974250e+01]
  [1.31400000e+01 3.79604000e+01 6.16120118e+00]
  [1.30800000e+01 3.67136000e+01 6.05917486e+00]
  [1.30600000e+01 3.50564000e+01 5.92084453e+00]]

 [[1.02400000e+01 1.91024000e+01 4.37062925e+00]
  [5.38600000e+01 8.64680400e+02 2.94054485e+01]
  [1.09000000e+01 2.35700000e+01 4.85489444e+00]
  [1.09000000e+01 2.35300000e+01 4.85077313e+00]
  [1.10800000e+01 2.38336000e+01 4.88196682e+00]]

 [[6.41400000e+01 6.80680400e+02 2.60898524e+01]
  [5.29680000e+02 6.12109776e+04 2.47408524e+02]
  [8.06200000e+01 1.28195560e+03 3.58044075e+01]
  [7.67400000e+01 1.20003240e+03 3.46414838e+01]
  [6.68400000e+01 7.64854400e+02 2.76560012e+01]]

 [[3.49800000e+01 2.82099600e+02 1.67958209e+01]
  [5.41200000e+02 2.52318800e+04 1.58845459e+02]
  [3.87600000e+01 3.80702400e+02 1.95115966e+01]
  [3.86600000e+01 3.77904400e+02 1.94397634e+01]
  [3.80000000e+01 3.58000000e+02 1.89208879e+01]]

 [[2.76000000e+01 1.31800000e+02 1.14804181e+01]
  [3.63180000e+02 3.20641076e+04 1.79064535e+02]
  [3.03600000e+01 1.74550400e+02 1.32117523e+01]
  [3.03000000e+01 1.74970000e+02 1.32276226e+01]
  [3.05400000e+01 1.73168400e+02 1.31593465e+01]]

 [[6.96600000e+01 1.40634440e+03 3.75012586e+01]
  [8.03520000e+02 2.85434970e+05 5.34261144e+02]
  [8.36600000e+01 2.36002440e+03 4.85800823e+01]
  [8.23600000e+01 2.28735040e+03 4.78262522e+01]
  [7.37600000e+01 1.63418240e+03 4.04250220e+01]]

 [[4.63600000e+01 3.78870400e+02 1.94645935e+01]
  [8.40740000e+02 1.79465752e+05 4.23633984e+02]
  [5.28600000e+01 5.43320400e+02 2.33092342e+01]
  [5.26200000e+01 5.35955600e+02 2.31507149e+01]
  [5.10000000e+01 4.76000000e+02 2.18174242e+01]]

 [[3.59600000e+01 2.71158400e+02 1.64668880e+01]
  [7.93780000e+02 1.71141532e+05 4.13692557e+02]
  [3.98600000e+01 3.54200400e+02 1.88202125e+01]
  [3.95600000e+01 3.53686400e+02 1.88065520e+01]
  [4.09800000e+01 3.88219600e+02 1.97032891e+01]]]
