[[[1.61651993e-02 2.72162488e-04 1.64973479e-02]
  [2.19452667e-02 3.11379658e-04 1.76459530e-02]
  [1.24452591e-03 8.74221550e-07 9.34998155e-04]
  [1.38662815e-03 1.16827816e-06 1.08086917e-03]
  [5.12545109e-03 5.93594590e-05 7.70450901e-03]]

 [[2.12178326e-02 3.53100516e-04 1.87909690e-02]
  [3.19699383e-02 7.01432732e-04 2.64845754e-02]
  [7.83376694e-04 2.14198326e-07 4.62815650e-04]
  [8.99901390e-04 3.29642008e-07 5.74144588e-04]
  [2.69175529e-03 1.23371994e-05 3.51243497e-03]]

 [[2.39211559e-02 4.42580141e-04 2.10375888e-02]
  [3.75598097e-02 8.30175577e-04 2.88127676e-02]
  [7.88636208e-04 2.58954650e-07 5.08875868e-04]
  [9.34972763e-04 3.74398351e-07 6.11880994e-04]
  [2.56038189e-03 8.22382840e-06 2.86772181e-03]]

 [[1.24265790e+00 1.50591649e+00 1.22715789e+00]
  [1.90191466e+00 3.27269830e+00 1.80906006e+00]
  [7.99850464e-03 5.26302730e-05 7.25467250e-03]
  [8.83024216e-03 5.80090853e-05 7.61636956e-03]
  [1.95210590e-01 7.35626296e-02 2.71224316e-01]]

 [[2.11054999e+00 3.19172536e+00 1.78654005e+00]
  [2.44908387e+00 4.78438519e+00 2.18732375e+00]
  [4.62637901e-03 1.69104124e-05 4.11222718e-03]
  [5.39061069e-03 2.41176873e-05 4.91097621e-03]
  [1.96901884e-01 1.93108448e-01 4.39441064e-01]]

 [[3.11709622e+00 6.53819534e+00 2.55698951e+00]
  [3.08048059e+00 7.17505337e+00 2.67862901e+00]
  [5.03894806e-03 1.37923155e-05 3.71380068e-03]
  [5.30307293e-03 1.75327460e-05 4.18721219e-03]
  [1.07723012e-01 2.22869572e-02 1.49288168e-01]]

 [[6.21587767e+00 4.71266851e+01 6.86488784e+00]
  [8.16910835e+00 4.60378383e+01 6.78511889e+00]
  [1.26014471e-02 1.02791365e-04 1.01386076e-02]
  [1.32249212e-02 1.14048405e-04 1.06793448e-02]
  [8.56480894e-01 1.99738676e+00 1.41328934e+00]]

 [[7.26089882e+00 4.03268822e+01 6.35034505e+00]
  [1.01132787e+01 7.38573287e+01 8.59402866e+00]
  [7.16131210e-03 2.89201113e-05 5.37774221e-03]
  [7.61168957e-03 2.91530623e-05 5.39935758e-03]
  [3.39715047e-01 2.24336622e-01 4.73641871e-01]]

 [[6.72725690e+00 4.57660639e+01 6.76506200e+00]
  [1.43129642e+01 1.46238042e+02 1.20928922e+01]
  [5.75111866e-03 2.48650655e-05 4.98648829e-03]
  [6.15437508e-03 2.90121685e-05 5.38629451e-03]
  [2.06808906e-01 1.10890170e-01 3.33001757e-01]]]
[[[1.79600000e+01 1.18718400e+02 1.08957974e+01]
  [5.90400000e+01 1.16751840e+03 3.41689684e+01]
  [1.96200000e+01 1.60195600e+02 1.26568400e+01]
  [1.94600000e+01 1.59488400e+02 1.26288717e+01]
  [1.83000000e+01 1.23250000e+02 1.11018017e+01]]

 [[1.16400000e+01 2.13104000e+01 4.61631888e+00]
  [6.05800000e+01 1.16900360e+03 3.41906946e+01]
  [1.24000000e+01 2.67200000e+01 5.16913919e+00]
  [1.23400000e+01 2.58644000e+01 5.08570546e+00]
  [1.25000000e+01 2.39300000e+01 4.89182992e+00]]

 [[1.03200000e+01 1.93376000e+01 4.39745381e+00]
  [4.49600000e+01 9.15598400e+02 3.02588566e+01]
  [1.09400000e+01 2.30164000e+01 4.79754104e+00]
  [1.09600000e+01 2.28384000e+01 4.77895386e+00]
  [1.11000000e+01 2.38900000e+01 4.88773976e+00]]

 [[5.32600000e+01 6.62352400e+02 2.57362080e+01]
  [4.91320000e+02 6.95849376e+04 2.63789571e+02]
  [6.33600000e+01 1.02451040e+03 3.20079740e+01]
  [6.31800000e+01 1.02874760e+03 3.20740955e+01]
  [5.56400000e+01 7.17390400e+02 2.67841446e+01]]

 [[3.75600000e+01 3.34966400e+02 1.83020873e+01]
  [4.40740000e+02 5.02762324e+04 2.24223621e+02]
  [4.20200000e+01 4.43739600e+02 2.10651276e+01]
  [4.20800000e+01 4.51993600e+02 2.12601411e+01]
  [4.12800000e+01 4.26481600e+02 2.06514309e+01]]

 [[3.12200000e+01 2.16051600e+02 1.46986938e+01]
  [3.88560000e+02 2.67111264e+04 1.63435389e+02]
  [3.39200000e+01 2.67513600e+02 1.63558430e+01]
  [3.40000000e+01 2.66720000e+02 1.63315645e+01]
  [3.42600000e+01 2.62072400e+02 1.61886503e+01]]

 [[7.23000000e+01 1.30497000e+03 3.61243685e+01]
  [9.65720000e+02 2.09194522e+05 4.57377876e+02]
  [8.53400000e+01 1.96042440e+03 4.42766801e+01]
  [8.35600000e+01 1.94756640e+03 4.41312406e+01]
  [7.63200000e+01 1.53329760e+03 3.91573441e+01]]

 [[4.97000000e+01 4.35930000e+02 2.08789368e+01]
  [8.14480000e+02 1.20882650e+05 3.47681822e+02]
  [5.64800000e+01 5.91009600e+02 2.43106890e+01]
  [5.60600000e+01 5.76776400e+02 2.40161696e+01]
  [5.44800000e+01 5.37529600e+02 2.31846846e+01]]

 [[3.62000000e+01 3.03680000e+02 1.74264167e+01]
  [7.60780000e+02 1.88388892e+05 4.34037892e+02]
  [3.91600000e+01 3.85134400e+02 1.96248414e+01]
  [3.93200000e+01 3.87897600e+02 1.96951161e+01]
  [4.02400000e+01 3.99222400e+02 1.99805505e+01]]]
