[[[1.75495625e-02 1.17644892e-04 1.08464230e-02]
  [1.34922743e-02 2.01252262e-04 1.41863407e-02]
  [8.96894932e-03 2.57638623e-04 1.60511253e-02]
  [9.22760963e-03 2.69709600e-04 1.64228378e-02]
  [1.12594366e-02 2.27325904e-04 1.50773308e-02]]

 [[1.42678499e-02 1.31309486e-04 1.14590351e-02]
  [2.26346493e-02 3.17394591e-04 1.78155716e-02]
  [5.97238541e-04 1.35564369e-07 3.68190669e-04]
  [7.80272484e-04 2.80271161e-07 5.29406423e-04]
  [2.70273685e-03 8.98019669e-06 2.99669763e-03]]

 [[1.64893627e-02 1.15402558e-04 1.07425583e-02]
  [2.62587786e-02 3.40522145e-04 1.84532421e-02]
  [5.53607941e-04 5.88211151e-08 2.42530648e-04]
  [5.60283661e-04 6.37853191e-08 2.52557556e-04]
  [1.48804188e-03 1.35889715e-06 1.16571744e-03]]

 [[1.26804445e+00 9.07509004e-01 9.52632670e-01]
  [1.18487039e+00 5.66556040e-01 7.52699170e-01]
  [9.75720882e-03 3.04177783e-05 5.51523148e-03]
  [1.05552197e-02 2.63270482e-05 5.13098901e-03]
  [1.97553897e-01 4.23210463e-02 2.05720797e-01]]

 [[1.19405119e+00 1.35090513e+00 1.16228445e+00]
  [2.37779715e+00 3.51349331e+00 1.87443146e+00]
  [2.53770351e-03 2.13581322e-06 1.46144217e-03]
  [2.60305405e-03 2.53886254e-06 1.59338085e-03]
  [6.02299929e-02 5.89216440e-03 7.67604351e-02]]

 [[1.60118062e+00 1.64969699e+00 1.28440531e+00]
  [2.25456748e+00 1.54063449e+00 1.24122298e+00]
  [2.69327164e-03 2.30588702e-06 1.51851474e-03]
  [2.63977051e-03 2.49307011e-06 1.57894589e-03]
  [4.28069830e-02 2.66675032e-03 5.16405879e-02]]

 [[4.17533877e+00 1.35772977e+01 3.68473848e+00]
  [5.85003119e+00 3.61157349e+01 6.00963683e+00]
  [1.42761600e+00 1.80566546e+01 4.24931225e+00]
  [1.43415697e+00 1.82078180e+01 4.26706198e+00]
  [1.84858344e+00 1.75103538e+01 4.18453747e+00]]

 [[5.29137416e+00 2.13912895e+01 4.62507183e+00]
  [5.86528962e+00 3.15205748e+01 5.61431873e+00]
  [5.90550900e-03 2.43697603e-05 4.93657374e-03]
  [6.38341904e-03 2.74657349e-05 5.24077618e-03]
  [3.50016856e-01 2.37885216e-01 4.87734780e-01]]

 [[5.46803892e+00 2.68369522e+01 5.18043938e+00]
  [9.60324938e+00 5.54060958e+01 7.44352711e+00]
  [4.00600433e-03 8.23924667e-06 2.87040880e-03]
  [4.25198078e-03 8.58326763e-06 2.92972143e-03]
  [1.20071435e-01 1.76764600e-02 1.32952849e-01]]]
  
  
  
[[[1.75000000e+01 1.02650000e+02 1.01316336e+01]
  [4.77000000e+01 8.90410000e+02 2.98397386e+01]
  [1.92000000e+01 1.25560000e+02 1.12053559e+01]
  [1.90000000e+01 1.25200000e+02 1.11892806e+01]
  [1.77000000e+01 1.08810000e+02 1.04312032e+01]]

 [[1.32000000e+01 2.99600000e+01 5.47357287e+00]
  [5.41000000e+01 8.47290000e+02 2.91082463e+01]
  [1.45000000e+01 4.26500000e+01 6.53069675e+00]
  [1.46000000e+01 4.52400000e+01 6.72606869e+00]
  [1.42000000e+01 3.17600000e+01 5.63560112e+00]]

 [[1.05000000e+01 1.30500000e+01 3.61247837e+00]
  [5.11000000e+01 7.39090000e+02 2.71862097e+01]
  [1.08000000e+01 1.61600000e+01 4.01995025e+00]
  [1.08000000e+01 1.61600000e+01 4.01995025e+00]
  [1.09000000e+01 1.40900000e+01 3.75366488e+00]]

 [[6.62000000e+01 5.96760000e+02 2.44286717e+01]
  [6.55600000e+02 3.20214400e+04 1.78945355e+02]
  [7.81000000e+01 9.55690000e+02 3.09142362e+01]
  [7.75000000e+01 9.54250000e+02 3.08909372e+01]
  [6.85000000e+01 6.73450000e+02 2.59509152e+01]]

 [[3.31000000e+01 1.97490000e+02 1.40531135e+01]
  [2.79700000e+02 5.58348100e+04 2.36293906e+02]
  [3.65000000e+01 2.56850000e+02 1.60265405e+01]
  [3.62000000e+01 2.52760000e+02 1.58984276e+01]
  [3.63000000e+01 2.33210000e+02 1.52712148e+01]]

 [[2.73000000e+01 1.18010000e+02 1.08632408e+01]
  [4.36600000e+02 1.48288400e+04 1.21773725e+02]
  [3.01000000e+01 1.36690000e+02 1.16914499e+01]
  [2.99000000e+01 1.37090000e+02 1.17085439e+01]
  [2.96000000e+01 1.41440000e+02 1.18928550e+01]]

 [[7.20000000e+01 9.73600000e+02 3.12025640e+01]
  [6.89400000e+02 2.02575040e+05 4.50083370e+02]
  [8.98000000e+01 1.75236000e+03 4.18611992e+01]
  [8.70000000e+01 1.59780000e+03 3.99724905e+01]
  [7.62000000e+01 1.14376000e+03 3.38195210e+01]]

 [[5.21000000e+01 5.45690000e+02 2.33600086e+01]
  [8.08000000e+02 1.56503800e+05 3.95605612e+02]
  [5.94000000e+01 8.67040000e+02 2.94455430e+01]
  [5.97000000e+01 8.78810000e+02 2.96447297e+01]
  [5.65000000e+01 6.35250000e+02 2.52041663e+01]]

 [[3.56000000e+01 2.22640000e+02 1.49211260e+01]
  [8.18600000e+02 1.57448840e+05 3.96798236e+02]
  [3.82000000e+01 2.69760000e+02 1.64243721e+01]
  [3.85000000e+01 2.82050000e+02 1.67943443e+01]
  [4.00000000e+01 2.90000000e+02 1.70293864e+01]]]
